AVG1=0.793640184402
AVG2=0.762861347199
AVG3=0.825111865997
AVG4=0.73893699646
AVG5=0.783296775818
