AVG1=0.737274926049
AVG2=0.688405613105
AVG3=0.704776267211
AVG4=0.6948566503
AVG5=0.740037288931
